0007
0028
0035
0051
0052
0054
0065
0096
0098
0102
0121
0130
0131
0133
0134
0159
0169
0190
0212
0213
0217
0233
0260
0265
0270
0279
0291
0304
0308
0366
0369
0373
0373
0390
0399
0425
0425
0447
0465
0467
0467
0475
0482
0486
0491
0528
0542
0545
0556
0557
0573
0574
0580
0600
0604
0610
0613
0628
0634
0640
0646
0661
0682
0696
0729
0732
0749
0758
0762
0768
0775
0781
0802
0804
0808
0821
0840
0846
0860
0866
0870
0880
0888
0893
0897
0902
0914
0917
0922
0931
0945
0949
0949
0970
0981
0987
1023
1026
1027
1031
1031
1060
1066
1097
1103
1113
1122
1128
1137
1155
1201
1202
1223
1234
1248
1259
1271
1278
1280
1293
1303
1303
1305
1343
1350
1370
1386
1392
1395
1403
1408
1418
1427
1428
1433
1447
1451
1456
1468
1471
1475
1480
1480
1560
1578
1581
1601
1609
1658
1658
1666
1680
1684
1692
1695
1703
1712
1714
1748
1751
1759
1769
1775
1780
1781
1792
1807
1841
1844
1859
1891
1897
1904
1934
1944
1997
2018
2021
2038
2046
2049
2059
2077
2078
2088
2117
2141
2143
2145
2150
2158
2161
2188
2199
2201
2207
2225
2247
2250
2261
2263
2264
2270
2309
2318
2331
2331
2333
2345
2346
2365
2375
2389
2392
2393
2401
2402
2419
2424
2424
2458
2463
2504
2516
2518
2527
2529
2541
2552
2562
2569
2581
2588
2591
2613
2650
2667
2670
2673
2676
2680
2681
2683
2684
2688
2689
2695
2696
2704
2712
2712
2724
2737
2750
2753
2768
2769
2772
2775
2787
2796
2801
2810
2810
2816
2820
2822
2827
2838
2843
2867
2869
2872
2887
2898
2930
2961
2967
2968
2979
2980
2982
2984
2987
2996
3012
3027
3028
3039
3048
3049
3062
3065
3073
3074
3090
3091
3104
3110
3112
3126
3129
3140
3149
3165
3166
3168
3173
3178
3178
3191
3194
3212
3230
3232
3234
3246
3263
3271
3330
3338
3350
3366
3372
3378
3383
3386
3402
3403
3404
3417
3427
3428
3434
3440
3456
3461
3463
3480
3485
3486
3495
3502
3506
3507
3511
3511
3513
3520
3531
3538
3539
3539
3546
3547
3564
3569
3571
3587
3603
3612
3619
3632
3643
3643
3646
3657
3663
3670
3675
3677
3678
3696
3704
3709
3713
3721
3770
3782
3786
3801
3817
3820
3825
3826
3833
3842
3844
3844
3875
3878
3885
3886
3897
3902
3919
3919
3927
3928
3933
3937
3943
3952
3958
3981
3985
4006
4022
4022
4036
4045
4079
4089
4090
4095
4099
4099
4125
4137
4142
4151
4153
4161
4170
4173
4176
4208
4215
4233
4244
4268
4275
4307
4319
4321
4326
4331
4352
4372
4375
4392
4404
4413
4416
4417
4441
4457
4466
4468
4479
4485
4489
4497
4501
4516
4522
4547
4550
4559
4575
4581
4589
4597
4609
4611
4612
4622
4642
4656
4665
4675
4683
4683
4685
4696
4698
4700
4700
4703
4704
4714
4717
4725
4727
4737
4742
4756
4757
4781
4787
4790
4793
4801
4803
4811
4831
4847
4847
4855
4868
4871
4872
4894
4898
4930
4933
4934
4939
4946
4949
4951
5008
5015
5041
5047
5051
5053
5073
5147
5153
5156
5167
5183
5198
5205
5258
5269
5269
5271
5286
5286
5291
5299
5353
5358
5359
5382
5384
5395
5397
5400
5401
5413
5429
5431
5445
5452
5470
5478
5508
5529
5534
5535
5537
5547
5551
5557
5572
5607
5610
5628
5633
5635
5642
5656
5675
5676
5689
5720
5722
5724
5740
5761
5768
5771
5791
5804
5816
5820
5826
5842
5845
5893
5905
5911
5911
5917
5931
5954
5968
5968
5981
6003
6015
6034
6047
6065
6081
6086
6162
6170
6173
6183
6185
6195
6199
6232
6237
6242
6268
6271
6271
6273
6290
6294
6314
6315
6315
6321
6338
6340
6366
6369
6370
6376
6404
6432
6437
6474
6482
6499
6543
6545
6589
6613
6614
6620
6630
6632
6640
6669
6682
6688
6698
6728
6736
6736
6740
6749
6760
6763
6764
6772
6775
6781
6784
6789
6852
6871
6880
6882
6894
6925
6958
6966
6975
6983
6990
6996
7009
7010
7015
7017
7019
7023
7035
7051
7054
7057
7063
7064
7068
7069
7073
7080
7085
7095
7098
7106
7110
7110
7112
7118
7128
7136
7141
7147
7158
7167
7176
7184
7216
7219
7222
7223
7226
7236
7243
7245
7256
7261
7262
7266
7270
7271
7273
7288
7296
7302
7303
7307
7316
7326
7328
7345
7350
7354
7355
7371
7381
7383
7397
7402
7402
7416
7423
7435
7439
7440
7448
7457
7459
7463
7481
7494
7502
7519
7525
7528
7537
7563
7571
7578
7589
7596
7614
7629
7644
7646
7651
7674
7683
7702
7720
7724
7765
7766
7769
7775
7785
7807
7822
7825
7833
7839
7840
7844
7876
7878
7879
7899
7903
7903
7904
7905
7915
7920
7928
7944
7945
7955
7973
8001
8003
8010
8011
8021
8037
8040
8043
8044
8061
8071
8081
8091
8095
8095
8098
8110
8111
8113
8116
8132
8142
8162
8164
8168
8175
8176
8177
8179
8187
8195
8214
8215
8232
8237
8238
8241
8258
8263
8266
8274
8275
8281
8282
8292
8307
8341
8373
8375
8393
8395
8395
8417
8427
8431
8445
8449
8455
8468
8475
8476
8477
8508
8509
8512
8540
8547
8554
8571
8573
8594
8600
8611
8622
8639
8640
8641
8641
8641
8641
8649
8651
8661
8678
8686
8702
8721
8722
8728
8731
8751
8772
8784
8796
8807
8811
8816
8822
8835
8837
8845
8857
8866
8878
8911
8912
8930
8940
8946
8953
8963
8968
8975
8988
8997
9001
9029
9031
9035
9045
9060
9064
9075
9080
9091
9104
9111
9129
9141
9154
9175
9183
9193
9202
9208
9216
9219
9222
9243
9243
9275
9275
9294
9295
9310
9310
9312
9312
9316
9317
9327
9336
9345
9346
9365
9366
9367
9379
9381
9385
9406
9437
9438
9448
9466
9488
9490
9492
9497
9499
9536
9539
9547
9553
9556
9570
9612
9640
9659
9669
9684
9691
9694
9726
9733
9736
9747
9752
9769
9784
9785
9789
9815
9820
9821
9850
9865
9895
9909
9910
9927
9935
9937
9937
9940
9957
9973
9989
